1   .93735332647185043132
2   1.85878890062477175165
3   2.78971365672131644189
4   3.71824642787560934656
5   4.64787606785478436799
6   5.57688735999741595807
7   6.50762540576958412445
8   7.43607499062919961588
9   8.36590737539908406563
10   9.29680795571185784717
11   10.13290148527244666930
12   11.15160224808227763150
13   12.08157303174228310023
14   13.00064238468253725478
15   13.93063175730192028400
16   14.68809400380162433039
17   14.90479813103273390416
18   14.57168477687519780567
19   15.13018807987643907942
20   15.90807007036981584069
21   16.66239425788259420661
22   17.48279408274661814729
23   18.27932798242537733164
24   19.05701410219043562092
25   19.85842113870523094175
26   20.62275109365901727458
27   21.45343633571424411098
28   22.22933024335584430214
29   23.01220375692448665083
30   23.80034418959289565110
31   24.58773817285291192249
32   25.40089742175144359851
