1   .99985078574868250598
2   .99724672583612945123
3   .99888197747692808066
4   .99312170737951198480
5   .99892258903886810863
6   .99851662196212305941
7   .99792855547206596129
8   .99581185784634922350
9   .99724672583612945123
10   .99534120601997204723
11   .99306149669579041678
12   .99244642821077292832
13   .99580513111498399059
14   .99585894751063973518
15   .99189885682373285067
16   .99503887898914628219
17   .99556302929616272944
18   .99360365582411064529
19   .99438111298482293423
20   .99100534435817283452
21   .99156526827693363197
22   .99476358532454299460
23   .99441465142163310735
24   .99405925905946135483
25   .99017994478737766911
26   .99364383930978700458
27   .99334254236717091742
28   .99342956493611515445
29   .99039947328110933447
30   .99318861670304794243
31   .99284747338007394985
32   .99030632809351068117
