1   1.473243
2   0.737067
3   0.493710
4   0.368696
5   0.295164
6   0.246243
7   0.210847
8   0.184504
9   0.164930
10   0.148212
11   0.134998
12   0.123311
13   0.114518
14   0.106314
15   0.099432
16   0.092994
17   0.087637
18   0.082603
19   0.078696
20   0.074872
21   0.071473
22   0.067815
23   0.064961
24   0.062263
25   0.060303
26   0.057617
27   0.055756
28   0.053825
29   0.052194
30   0.050540
31   0.048710
32   0.047641
33   0.090636
34   0.088124
35   0.085971
36   0.083468
37   0.081146
38   0.079122
39   0.077047
40   0.075193
41   0.073405
42   0.071999
43   0.070173
44   0.068622
45   0.067154
46   0.065736
47   0.064357
48   0.063102
49   0.061856
50   0.060992
51   0.059650
52   0.058590
53   0.057404
54   0.056465
55   0.055478
56   0.054630
57   0.053631
58   0.052879
59   0.052022
60   0.051147
61   0.050454
62   0.049749
63   0.048973
64   0.048317
