1   .99680093507995625976
2   1.99239689200574710304
3   2.97447894512973202892
4   3.98303751600234339401
5   4.97530186608122941822
6   5.96374313178445681704
7   6.96490820357889844294
8   7.95933963491306421540
9   8.90395925544170254047
10   9.90830701967452028175
11   10.87816115794308063823
12   11.90915652293793741028
13   12.82357358668506261024
14   13.81313843896382414357
15   14.76918899348298334540
16   15.79166397832118201174
17   16.75696338304597373255
18   17.77816786315266999987
19   18.66079597438243366880
20   19.61387434554973821989
21   20.54663998992626586263
22   21.65494359654943596549
23   22.60633303058758331922
24   23.58591780029873279475
25   24.35251977513556539475
26   25.48779006196087960150
27   26.33851065356194848984
28   27.28341848583372039015
29   28.13599264283250948384
30   29.05678670360110803324
31   30.14842948059946622870
32   30.82491971201276211666
33   16.20250231696014828544
34   16.66435931187871635422
35   17.08169033743936908957
36   17.59392821200939282120
37   18.09738003105513518842
38   18.56032456206870402669
39   19.06018404350591197580
40   19.53014243347120077666
41   20.00585791158640419589
42   20.39653328518451645161
43   20.92727972297037322046
44   21.40027979365218151613
45   21.86809423117014623105
46   22.33981380065717415115
47   22.81849682241248038286
48   23.27232100408861842730
49   23.74110838075530263838
50   24.07741998950682056663
51   24.61911148365465213746
52   25.06451612903225806451
53   25.58236359835551529510
54   26.00779243779332329761
55   26.47049280795991203720
56   26.88138385502471169686
57   27.38211109246517872126
58   27.77151610280073375063
59   28.22901849217638691322
60   28.71194791483371458736
61   29.10631466286122012129
62   29.51878429717180244829
63   29.98652318624548220448
64   30.39365026802160730177
